0.000000
0.033333
0.066666
0.099999
0.133332
0.166665
0.199998
0.233331
0.266664
0.299997
0.333330
0.366663
0.399996
0.433329
0.466662
0.499995
0.533328
0.566661
0.599994
0.633327
0.666660
0.699993
0.733326
0.766659
0.799992
0.833325
0.866658
0.899991
0.933324
0.966657
0.999990
1.033323
1.066656
1.099989
1.133322
1.166655
1.199988
1.233321
1.266654
1.299987
1.333320
1.366653
1.399986
1.433319
1.466652
1.499985
1.533318
1.566651
1.599984
1.633317
1.666650
1.699983
1.733316
1.766649
1.799982
1.833315
1.866648
1.899981
1.933314
1.966647
1.999980
2.033313
2.066646
2.099979
2.133312
2.166645
2.199978
2.233311
2.266644
2.299977
2.333310
2.366643
2.399976
2.433309
2.466642
2.499975
2.533308
2.566641
2.599974
2.633307
2.666640
2.699973
2.733306
2.766639
2.799972
2.833305
2.866638
2.899971
2.933304
2.966637
2.999970
3.033303
3.066636
3.099969
3.133302
3.166635
3.199968
3.233301
3.266634
3.299967
3.333300
3.366633
3.399966
3.433299
3.466632
3.499965
3.533298
3.566631
3.599964
3.633297
3.666630
3.699963
3.733296
3.766629
3.799962
3.833295
3.866628
3.899961
3.933294
3.966627
3.999960
4.033293
4.066626
4.099959
4.133292
4.166625
4.199958
4.233291
4.266624
4.299957
4.333290
4.366623
4.399956
4.433289
4.466622
4.499955
4.533288
4.566621
4.599954
4.633287
4.666620
4.699953
4.733286
4.766619
4.799952
4.833285
4.866618
4.899951
4.933284
4.966617
4.999950
5.033283
5.066616
5.099949
5.133282
5.166615
5.199948
5.233281
5.266614
5.299947
5.333280
5.366613
5.399946
5.433279
5.466612
5.499945
5.533278
5.566611
5.599944
5.633277
5.666610
5.699943
5.733276
5.766609
5.799942
5.833275
5.866608
5.899941
5.933274
5.966607
5.999940
6.033273
6.066606
6.099939
6.133272
6.166605
6.199938
6.233271
6.266604
6.299937
6.333270
6.366603
6.399936
6.433269
6.466602
6.499935
